Sort  (cost=0.00..3093.86 rows=50 width=152)
  Sort Key: ((national_skc_last_7days_sales_qty -> 'total'::text)) DESC, ((national_skc_last_7_14days_sales_qty -> 'total'::text)) DESC, ((national_skc_total_sales_qty -> 'total'::text)) DESC, skc_code
  ->  Limit  (cost=0.00..3093.62 rows=50 width=152)
        ->  Sort  (cost=0.00..3093.61 rows=37207 width=152)
              Sort Key: ((national_skc_last_7days_sales_qty -> 'total'::text)) DESC, ((national_skc_last_7_14days_sales_qty -> 'total'::text)) DESC, ((national_skc_total_sales_qty -> 'total'::text)) DESC, skc_code
              ->  WindowAgg  (cost=0.00..2606.75 rows=37207 width=152)
                    ->  Gather Motion 2:1  (slice1; segments: 2)  (cost=0.00..2606.75 rows=37207 width=144)
                          ->  Result  (cost=0.00..2580.02 rows=46508 width=144)
                                Filter: ((row_number() OVER (?)) = 1)
                                ->  WindowAgg  (cost=0.00..2576.19 rows=116269 width=144)
                                      Partition By: skc_sk
                                      Order By: human_exception_type
                                      ->  Sort  (cost=0.00..2560.38 rows=116269 width=136)
                                            Sort Key: skc_sk, human_exception_type DESC NULLS LAST
                                            ->  Redistribute Motion 2:2  (slice2; segments: 2)  (cost=0.00..1051.71 rows=116269 width=136)
                                                  Hash Key: skc_sk
                                                  ->  Dynamic Seq Scan on rst_ra_skc_org_detail  (cost=0.00..1002.21 rows=116269 width=172)
                                                        Number of partitions to scan: 1 (out of 3)
                                                        Filter: ((day_date = '2024-03-21'::text) AND (is_deleted = 0) AND CASE WHEN ((ra_source = 3) OR ((in_flag = 2) AND (out_flag = 2))) THEN ((human_allot_in_org_sk = ANY ('{-1,1101833,1101834,1101835,1101836,1101837,1101838,1101839,1101840,1101841,1093652,1141667,1153065,1097775,1000148,1095773,1157232,1157233,1093749,1149081,1149082,1159333,1134781,1155262,1134783,1134782,1134784,1149125,1159373,1159374,1159375,1097939,1153243,1159420,1134849,1134850,1134851,1134852,1134853,1134854,1138963,1138964,1138965,1138966,1138967,1138968,1138969,1138970,1157403,1138972,1138971,1138974,1138973,1151290,1151291,1159489,1000612,1108321,1149297,1155453,1155454,1141120,1141121,1141122,1141123,1141124,1141125,1141126,1150010,1157512,1157513,1159560,1157514,1157515,1159559,1159600,1159601,1159602,1149369,1108417,1108423,1108429,1137114,1137115,1137116,1137117,1137118,1137119,1137120,1137121,1108462,1108465,1159666,1160208,1157637,1108489,1108495,1167898,1108510,1159715,1143334,1108519,1143336,1143335,1143338,1143339,1143340,1143341,1143342,1108534,1108546,1149515,1149516,1098342,1098343,1098344,1149575,1000673,1143440,1155735,1000678,1151669,1151670,1000682,1155796,1155797,1155798,1092311,1092310,1092313,1092308,1092312,1000156,1092317,1092316,1092319,1092320,1092321,1092322,1092314,1092315,1092324,1000166,1000167,1000168,1000169,1149674,1149675,1096446,1000191,1000192,1159938,1000195,1159939,1000196,1000198,1000206,1151759,1151760,1151758,1159961,1159962,1147677,1149730,1000228,1000233,1000236,1000239,1000240,1000241,1000242,1000243,1000244,1000245,1000246,1000247,1000248,1000253,1000254,1000257,1000258,1000259,1000261,1000262,1000263,1000265,1000266,1000269,1160016,1160017,1160018,1000274,1000276,1000277,1000275,1000279,1000278,1000280,1000281,1000283,1000284,1000285,1000286,1000287,1000289,1000290,1000291,1000292,1000294,1000296,1000297,1000298,1000300,1000301,1000302,1000314,1000315,1000316,1000317,1000318,1000319,1000320,1000321,1000322,1000323,1000324,1000325,1000326,1160072,1160073,1155978,1160075,1160074,1160077,1160078,1160076,1160080,1160079,1000725,1000726,1000347,1000348,1000727,1000350,1000351,1141664,1000352,1000354,1000355,1000356,1141668,1141669,1141665,1000360,1000361,1000362,1000363,1000364,1000729,1000366,1000367,1000368,1000369,1000370,1000730,1000372,1000731,1092318,1143735,1000375,1000376,1000377,1000379,1000380,1000381,1000378,1000383,1000384,1000385,1000386,1000387,1000388,1000389,1151942,1000394,1000736,1000396,1000395,1000398,1000399,1000401,1000402,1000403,1000404,1000405,1000406,1000407,1000408,1000411,1000412,1000413,1000740,1000415,1000416,1000417,1000418,1000419,1000420,1000421,1000422,1000423,1000424,1000425,1151970,1000433,1000434,1000435,1000436,1000437,1000439,1000441,1000444,1000445,1000447,1000449,1000450,1000451,1000452,1000454,1000455,1000456,1000457,1000458,1000459,1000460,1160205,1000462,1160207,1000463,1160206,1000466,1000464,1000468,1000469,1000467,1000471,1000472,1000473,1000474,1000475,1000476,1000479,1000480,1000481,1152033,1000482,1000484,1000485,1000486,1000487,1000488,1000489,1000490,1000491,1000492,1000494,1000495,1000496,1000497,1000501,1000502,1000503,1150008,1000505,1150009,1150011,1000507,1000509,1000510,1154111,1000511,1000513,1000514,1000353,1000516,1000517,1000518,1000515,1000520,1000521,1000522,1000523,1098828,1000519,1000526,1000527,1000528,1000524,1098829,1098830,1156188,1000555,1137946,1000556,1000558,1000559,1000557,1000561,1000562,1000563,1000564,1152120,1000572,1000573,1137950,1137951,1148042,1000587,1137952,1000589,1137953,1000596,1000597,1000598,1000599,1000600,1000601,1000602,1000603,1000604,1000605,1150179,1000607,1000608,1000610,1000611,1137828,1000613,1000614,1000615,1000616,1150120,1000618,1000617,1000619,1000621,1000622,1000623,1000624,1000625,1150121,1096883,1000630,1000631,1000632,1000633,1000634,1000635,1000636,1000637,1156284,1156285,1156286,1000643,1000644,1000649,1000650,1000652,1000653,1000655,1000656,1000657,1000658,1000659,1000660,1000661,1000662,1000663,1000664,1000665,1000666,1000667,1000668,1000669,1000670,1000671,1094880,1094878,1094881,1094883,1000675,1000676,1150180,1000674,1000672,1000681,1000679,1000683,1000684,1000680,1000685,1000687,1156336,1000689,1000686,1000690,1000692,1000691,1000693,1000698,1000699,1000700,1000701,1000703,1000704,1000705,1000706,1000707,1000708,1000710,1000711,1000712,1000713,1000714,1000715,1000717,1154319,1154320,1154321,1154322,1154323,1000721,1000722,1000724,1142038,1000728,1000723,1152282,1137947,1137948,1158429,1137949,1150235,1000732,1000737,1000733,1000739,1000734,1000735,1000742,1000743,1137954,1000745,1000738,1000741,1000744,1000749,1000746,1000751,1000752,1000748,1000754,1000755,1000756,1000750,1000753,1000759,1000758,1000761,1000762,1000763,1000764,1000765,1000760,1000766,1000768,1000769,1000770,1000772,1000773,1000775,1000777,1000778,1000779,1000780,1000781,1000782,1000783,1000784,1000785,1000786,1148243,1000787,1000789,1000790,1000791,1000792,1000793,1000794,1000795,1000788,1000797,1000798,1000796,1000799,1000801,1000802,1000800,1000804,1000805,1000806,1000807,1000808,1000809,1000810,1000811,1000812,1000813,1000814,1000815,1150311,1150312,1156471,1148284,1000829,1000830,1000831,1000832,1000833,1000834,1000835,1000836,1000837,1000838,1000839,1000840,1141666,1000841,1000843,1000844,1000845,1000846,1000847,1000848,1000849,1000850,1000851,1000852,1000853,1000854,1000855,1000856,1000857,1000858,1000859,1000860,1000861,1000862,1000863,1000864,1000866,1000867,1000868,1000869,1000870,1000871,1000872,1000873,1000874,1000875,1000876,1000877,1000878,1000879,1000880,1000881,1000882,1000883,1000884,1000885,1000886,1000887,1000888,1000889,1000890,1000891,1000892,1000893,1000894,1000895,1000896,1000897,1000898,1000899,1000900,1000901,1000902,1000903,1000904,1000905,1000906,1000907,1000908,1000909,1000910,1000911,1000912,1000913,1000914,1000915,1000917,1000842,1138154,1152526,1158685,1168934,1050164,1050165,1000803,1152605,1000461,1148524,1148525,1000465,1009271,1009270,1156731,1009275,1156733,1156732,1093261,1160870,1136313,1136314,1154747,1136316,1136315,1136317,1136318,1095363,1148242,1092883,1148626,1092885,1092886,1092887,1092888,1156853,1156854,1156855,1156856,1156857,1156858,1156859,1152767,1158430,1148691,1148692,1148693,1154874,1161021,1000506,1000508,1152890,1152891,1150866,1157060,1155055,1159163}'::text[])) OR (human_allot_out_org_sk = ANY ('{-1,1101833,1101834,1101835,1101836,1101837,1101838,1101839,1101840,1101841,1093652,1141667,1153065,1097775,1000148,1095773,1157232,1157233,1093749,1149081,1149082,1159333,1134781,1155262,1134783,1134782,1134784,1149125,1159373,1159374,1159375,1097939,1153243,1159420,1134849,1134850,1134851,1134852,1134853,1134854,1138963,1138964,1138965,1138966,1138967,1138968,1138969,1138970,1157403,1138972,1138971,1138974,1138973,1151290,1151291,1159489,1000612,1108321,1149297,1155453,1155454,1141120,1141121,1141122,1141123,1141124,1141125,1141126,1150010,1157512,1157513,1159560,1157514,1157515,1159559,1159600,1159601,1159602,1149369,1108417,1108423,1108429,1137114,1137115,1137116,1137117,1137118,1137119,1137120,1137121,1108462,1108465,1159666,1160208,1157637,1108489,1108495,1167898,1108510,1159715,1143334,1108519,1143336,1143335,1143338,1143339,1143340,1143341,1143342,1108534,1108546,1149515,1149516,1098342,1098343,1098344,1149575,1000673,1143440,1155735,1000678,1151669,1151670,1000682,1155796,1155797,1155798,1092311,1092310,1092313,1092308,1092312,1000156,1092317,1092316,1092319,1092320,1092321,1092322,1092314,1092315,1092324,1000166,1000167,1000168,1000169,1149674,1149675,1096446,1000191,1000192,1159938,1000195,1159939,1000196,1000198,1000206,1151759,1151760,1151758,1159961,1159962,1147677,1149730,1000228,1000233,1000236,1000239,1000240,1000241,1000242,1000243,1000244,1000245,1000246,1000247,1000248,1000253,1000254,1000257,1000258,1000259,1000261,1000262,1000263,1000265,1000266,1000269,1160016,1160017,1160018,1000274,1000276,1000277,1000275,1000279,1000278,1000280,1000281,1000283,1000284,1000285,1000286,1000287,1000289,1000290,1000291,1000292,1000294,1000296,1000297,1000298,1000300,1000301,1000302,1000314,1000315,1000316,1000317,1000318,1000319,1000320,1000321,1000322,1000323,1000324,1000325,1000326,1160072,1160073,1155978,1160075,1160074,1160077,1160078,1160076,1160080,1160079,1000725,1000726,1000347,1000348,1000727,1000350,1000351,1141664,1000352,1000354,1000355,1000356,1141668,1141669,1141665,1000360,1000361,1000362,1000363,1000364,1000729,1000366,1000367,1000368,1000369,1000370,1000730,1000372,1000731,1092318,1143735,1000375,1000376,1000377,1000379,1000380,1000381,1000378,1000383,1000384,1000385,1000386,1000387,1000388,1000389,1151942,1000394,1000736,1000396,1000395,1000398,1000399,1000401,1000402,1000403,1000404,1000405,1000406,1000407,1000408,1000411,1000412,1000413,1000740,1000415,1000416,1000417,1000418,1000419,1000420,1000421,1000422,1000423,1000424,1000425,1151970,1000433,1000434,1000435,1000436,1000437,1000439,1000441,1000444,1000445,1000447,1000449,1000450,1000451,1000452,1000454,1000455,1000456,1000457,1000458,1000459,1000460,1160205,1000462,1160207,1000463,1160206,1000466,1000464,1000468,1000469,1000467,1000471,1000472,1000473,1000474,1000475,1000476,1000479,1000480,1000481,1152033,1000482,1000484,1000485,1000486,1000487,1000488,1000489,1000490,1000491,1000492,1000494,1000495,1000496,1000497,1000501,1000502,1000503,1150008,1000505,1150009,1150011,1000507,1000509,1000510,1154111,1000511,1000513,1000514,1000353,1000516,1000517,1000518,1000515,1000520,1000521,1000522,1000523,1098828,1000519,1000526,1000527,1000528,1000524,1098829,1098830,1156188,1000555,1137946,1000556,1000558,1000559,1000557,1000561,1000562,1000563,1000564,1152120,1000572,1000573,1137950,1137951,1148042,1000587,1137952,1000589,1137953,1000596,1000597,1000598,1000599,1000600,1000601,1000602,1000603,1000604,1000605,1150179,1000607,1000608,1000610,1000611,1137828,1000613,1000614,1000615,1000616,1150120,1000618,1000617,1000619,1000621,1000622,1000623,1000624,1000625,1150121,1096883,1000630,1000631,1000632,1000633,1000634,1000635,1000636,1000637,1156284,1156285,1156286,1000643,1000644,1000649,1000650,1000652,1000653,1000655,1000656,1000657,1000658,1000659,1000660,1000661,1000662,1000663,1000664,1000665,1000666,1000667,1000668,1000669,1000670,1000671,1094880,1094878,1094881,1094883,1000675,1000676,1150180,1000674,1000672,1000681,1000679,1000683,1000684,1000680,1000685,1000687,1156336,1000689,1000686,1000690,1000692,1000691,1000693,1000698,1000699,1000700,1000701,1000703,1000704,1000705,1000706,1000707,1000708,1000710,1000711,1000712,1000713,1000714,1000715,1000717,1154319,1154320,1154321,1154322,1154323,1000721,1000722,1000724,1142038,1000728,1000723,1152282,1137947,1137948,1158429,1137949,1150235,1000732,1000737,1000733,1000739,1000734,1000735,1000742,1000743,1137954,1000745,1000738,1000741,1000744,1000749,1000746,1000751,1000752,1000748,1000754,1000755,1000756,1000750,1000753,1000759,1000758,1000761,1000762,1000763,1000764,1000765,1000760,1000766,1000768,1000769,1000770,1000772,1000773,1000775,1000777,1000778,1000779,1000780,1000781,1000782,1000783,1000784,1000785,1000786,1148243,1000787,1000789,1000790,1000791,1000792,1000793,1000794,1000795,1000788,1000797,1000798,1000796,1000799,1000801,1000802,1000800,1000804,1000805,1000806,1000807,1000808,1000809,1000810,1000811,1000812,1000813,1000814,1000815,1150311,1150312,1156471,1148284,1000829,1000830,1000831,1000832,1000833,1000834,1000835,1000836,1000837,1000838,1000839,1000840,1141666,1000841,1000843,1000844,1000845,1000846,1000847,1000848,1000849,1000850,1000851,1000852,1000853,1000854,1000855,1000856,1000857,1000858,1000859,1000860,1000861,1000862,1000863,1000864,1000866,1000867,1000868,1000869,1000870,1000871,1000872,1000873,1000874,1000875,1000876,1000877,1000878,1000879,1000880,1000881,1000882,1000883,1000884,1000885,1000886,1000887,1000888,1000889,1000890,1000891,1000892,1000893,1000894,1000895,1000896,1000897,1000898,1000899,1000900,1000901,1000902,1000903,1000904,1000905,1000906,1000907,1000908,1000909,1000910,1000911,1000912,1000913,1000914,1000915,1000917,1000842,1138154,1152526,1158685,1168934,1050164,1050165,1000803,1152605,1000461,1148524,1148525,1000465,1009271,1009270,1156731,1009275,1156733,1156732,1093261,1160870,1136313,1136314,1154747,1136316,1136315,1136317,1136318,1095363,1148242,1092883,1148626,1092885,1092886,1092887,1092888,1156853,1156854,1156855,1156856,1156857,1156858,1156859,1152767,1158430,1148691,1148692,1148693,1154874,1161021,1000506,1000508,1152890,1152891,1150866,1157060,1155055,1159163}'::text[]))) ELSE ((human_allot_in_org_sk = ANY ('{-1,1101833,1101834,1101835,1101836,1101837,1101838,1101839,1101840,1101841,1093652,1141667,1153065,1097775,1000148,1095773,1157232,1157233,1093749,1149081,1149082,1134781,1155262,1134783,1134782,1134784,1149125,1159373,1159374,1097939,1153243,1159420,1134849,1134850,1134851,1134852,1134853,1134854,1138963,1138964,1138965,1138966,1138967,1138968,1138969,1138970,1157403,1138972,1138971,1138974,1138973,1151290,1151291,1159489,1000612,1108321,1149297,1155453,1155454,1141120,1141121,1141122,1141123,1141124,1141125,1141126,1150010,1157512,1157513,1157514,1157515,1159559,1159600,1159601,1159602,1149369,1108417,1108423,1108429,1137114,1137115,1137116,1137117,1137118,1137119,1137120,1137121,1108462,1108465,1159666,1157637,1108489,1108495,1108510,1159715,1143334,1108519,1143336,1143335,1143338,1143339,1143340,1143341,1143342,1108534,1108546,1149515,1149516,1098342,1098343,1098344,1149575,1000673,1143440,1155735,1000678,1151669,1151670,1000682,1155796,1155797,1155798,1092311,1092313,1092312,1000156,1092317,1092316,1092319,1092320,1092321,1092322,1092314,1092315,1000166,1000167,1000168,1000169,1149674,1149675,1096446,1000191,1000192,1159938,1000195,1159939,1000196,1000198,1000206,1151759,1151760,1151758,1159961,1159962,1149730,1000228,1000233,1000236,1000239,1000240,1000241,1000242,1000243,1000244,1000245,1000246,1000247,1000248,1000253,1000254,1000257,1000258,1000259,1000261,1000262,1000263,1000265,1000266,1000269,1160016,1160017,1160018,1000274,1000276,1000277,1000275,1000279,1000278,1000280,1000281,1000283,1000284,1000285,1000286,1000287,1000289,1000290,1000291,1000292,1000294,1000296,1000297,1000298,1000300,1000301,1000302,1000314,1000315,1000316,1000317,1000318,1000319,1000320,1000321,1000322,1000323,1000324,1000325,1000326,1160072,1160073,1155978,1160075,1160074,1160077,1160078,1160076,1160080,1160079,1000725,1000726,1000347,1000348,1000727,1000350,1000351,1141664,1000352,1000354,1000355,1000356,1141668,1141669,1141665,1000360,1000361,1000362,1000363,1000364,1000729,1000366,1000367,1000368,1000369,1000370,1000730,1000372,1000731,1092318,1143735,1000375,1000376,1000377,1000379,1000380,1000381,1000378,1000383,1000384,1000385,1000386,1000387,1000388,1000389,1151942,1000394,1000736,1000396,1000395,1000398,1000399,1000401,1000402,1000403,1000404,1000405,1000406,1000407,1000408,1000411,1000412,1000413,1000740,1000415,1000416,1000417,1000418,1000419,1000420,1000421,1000422,1000423,1000424,1000425,1151970,1000433,1000434,1000435,1000436,1000437,1000439,1000441,1000444,1000445,1000447,1000449,1000450,1000451,1000452,1000454,1000455,1000456,1000457,1000458,1000459,1000460,1000462,1000463,1000466,1000464,1000468,1000469,1000467,1000471,1000472,1000473,1000474,1000475,1000476,1000479,1000480,1000481,1152033,1000482,1000484,1000485,1000486,1000487,1000488,1000489,1000490,1000491,1000492,1000494,1000495,1000496,1000497,1000501,1000502,1000503,1150008,1000505,1150009,1150011,1000507,1000509,1000510,1154111,1000511,1000513,1000514,1000353,1000516,1000517,1000518,1000515,1000520,1000521,1000522,1000523,1098828,1000519,1000526,1000527,1000528,1000524,1098829,1098830,1156188,1000555,1137946,1000556,1000558,1000559,1000557,1000561,1000562,1000563,1000564,1152120,1000572,1000573,1137950,1137951,1148042,1000587,1137952,1000589,1137953,1000596,1000597,1000598,1000599,1000600,1000601,1000602,1000603,1000604,1000605,1150179,1000607,1000608,1000610,1000611,1000613,1000614,1000615,1000616,1150120,1000618,1000617,1000619,1000621,1000622,1000623,1000624,1000625,1150121,1096883,1000630,1000631,1000632,1000633,1000634,1000635,1000636,1000637,1156284,1156285,1156286,1000643,1000644,1000649,1000650,1000652,1000653,1000655,1000656,1000657,1000658,1000659,1000660,1000661,1000662,1000663,1000664,1000665,1000666,1000667,1000668,1000669,1000670,1000671,1094880,1094878,1094881,1094883,1000675,1000676,1150180,1000674,1000672,1000681,1000679,1000683,1000684,1000680,1000685,1000687,1156336,1000689,1000686,1000690,1000692,1000691,1000693,1000698,1000699,1000700,1000701,1000703,1000704,1000705,1000706,1000707,1000708,1000710,1000711,1000712,1000713,1000714,1000715,1000717,1154319,1154320,1154321,1154322,1000721,1000722,1000724,1142038,1000728,1000723,1152282,1137947,1137948,1158429,1137949,1150235,1000732,1000737,1000733,1000739,1000734,1000735,1000742,1000743,1137954,1000745,1000738,1000741,1000744,1000749,1000746,1000751,1000752,1000748,1000754,1000755,1000756,1000750,1000753,1000759,1000758,1000761,1000762,1000763,1000764,1000765,1000760,1000766,1000768,1000769,1000770,1000772,1000773,1000775,1000777,1000778,1000779,1000780,1000781,1000782,1000783,1000784,1000785,1000786,1148243,1000787,1000789,1000790,1000791,1000792,1000793,1000794,1000795,1000788,1000797,1000798,1000796,1000799,1000801,1000802,1000800,1000804,1000805,1000806,1000807,1000808,1000809,1000810,1000811,1000812,1000813,1000814,1000815,1150311,1150312,1156471,1148284,1000829,1000830,1000831,1000832,1000833,1000834,1000835,1000836,1000837,1000838,1000839,1000840,1141666,1000841,1000843,1000844,1000845,1000846,1000847,1000848,1000849,1000850,1000851,1000852,1000853,1000854,1000855,1000856,1000857,1000858,1000859,1000860,1000861,1000862,1000863,1000864,1000866,1000867,1000868,1000869,1000870,1000871,1000872,1000873,1000874,1000875,1000876,1000877,1000878,1000879,1000880,1000881,1000882,1000883,1000884,1000885,1000886,1000887,1000888,1000889,1000890,1000891,1000892,1000893,1000894,1000895,1000896,1000897,1000898,1000899,1000900,1000901,1000902,1000903,1000904,1000905,1000906,1000907,1000908,1000909,1000910,1000911,1000912,1000913,1000914,1000915,1000917,1000842,1138154,1152526,1158685,1050165,1000803,1152605,1000461,1148524,1148525,1000465,1156731,1156733,1156732,1093261,1136313,1136314,1154747,1136316,1136315,1136317,1136318,1095363,1148242,1092883,1148626,1092885,1092886,1092887,1092888,1156853,1156854,1156855,1156856,1156857,1156858,1156859,1152767,1158430,1148691,1148692,1148693,1154874,1161021,1000506,1000508,1152890,1152891,1150866,1157060,1155055,1159163}'::text[])) OR (human_allot_out_org_sk = ANY ('{-1,1101833,1101834,1101835,1101836,1101837,1101838,1101839,1101840,1101841,1093652,1141667,1153065,1097775,1000148,1095773,1157232,1157233,1093749,1149081,1149082,1134781,1155262,1134783,1134782,1134784,1149125,1159373,1159374,1097939,1153243,1159420,1134849,1134850,1134851,1134852,1134853,1134854,1138963,1138964,1138965,1138966,1138967,1138968,1138969,1138970,1157403,1138972,1138971,1138974,1138973,1151290,1151291,1159489,1000612,1108321,1149297,1155453,1155454,1141120,1141121,1141122,1141123,1141124,1141125,1141126,1150010,1157512,1157513,1157514,1157515,1159559,1159600,1159601,1159602,1149369,1108417,1108423,1108429,1137114,1137115,1137116,1137117,1137118,1137119,1137120,1137121,1108462,1108465,1159666,1157637,1108489,1108495,1108510,1159715,1143334,1108519,1143336,1143335,1143338,1143339,1143340,1143341,1143342,1108534,1108546,1149515,1149516,1098342,1098343,1098344,1149575,1000673,1143440,1155735,1000678,1151669,1151670,1000682,1155796,1155797,1155798,1092311,1092313,1092312,1000156,1092317,1092316,1092319,1092320,1092321,1092322,1092314,1092315,1000166,1000167,1000168,1000169,1149674,1149675,1096446,1000191,1000192,1159938,1000195,1159939,1000196,1000198,1000206,1151759,1151760,1151758,1159961,1159962,1149730,1000228,1000233,1000236,1000239,1000240,1000241,1000242,1000243,1000244,1000245,1000246,1000247,1000248,1000253,1000254,1000257,1000258,1000259,1000261,1000262,1000263,1000265,1000266,1000269,1160016,1160017,1160018,1000274,1000276,1000277,1000275,1000279,1000278,1000280,1000281,1000283,1000284,1000285,1000286,1000287,1000289,1000290,1000291,1000292,1000294,1000296,1000297,1000298,1000300,1000301,1000302,1000314,1000315,1000316,1000317,1000318,1000319,1000320,1000321,1000322,1000323,1000324,1000325,1000326,1160072,1160073,1155978,1160075,1160074,1160077,1160078,1160076,1160080,1160079,1000725,1000726,1000347,1000348,1000727,1000350,1000351,1141664,1000352,1000354,1000355,1000356,1141668,1141669,1141665,1000360,1000361,1000362,1000363,1000364,1000729,1000366,1000367,1000368,1000369,1000370,1000730,1000372,1000731,1092318,1143735,1000375,1000376,1000377,1000379,1000380,1000381,1000378,1000383,1000384,1000385,1000386,1000387,1000388,1000389,1151942,1000394,1000736,1000396,1000395,1000398,1000399,1000401,1000402,1000403,1000404,1000405,1000406,1000407,1000408,1000411,1000412,1000413,1000740,1000415,1000416,1000417,1000418,1000419,1000420,1000421,1000422,1000423,1000424,1000425,1151970,1000433,1000434,1000435,1000436,1000437,1000439,1000441,1000444,1000445,1000447,1000449,1000450,1000451,1000452,1000454,1000455,1000456,1000457,1000458,1000459,1000460,1000462,1000463,1000466,1000464,1000468,1000469,1000467,1000471,1000472,1000473,1000474,1000475,1000476,1000479,1000480,1000481,1152033,1000482,1000484,1000485,1000486,1000487,1000488,1000489,1000490,1000491,1000492,1000494,1000495,1000496,1000497,1000501,1000502,1000503,1150008,1000505,1150009,1150011,1000507,1000509,1000510,1154111,1000511,1000513,1000514,1000353,1000516,1000517,1000518,1000515,1000520,1000521,1000522,1000523,1098828,1000519,1000526,1000527,1000528,1000524,1098829,1098830,1156188,1000555,1137946,1000556,1000558,1000559,1000557,1000561,1000562,1000563,1000564,1152120,1000572,1000573,1137950,1137951,1148042,1000587,1137952,1000589,1137953,1000596,1000597,1000598,1000599,1000600,1000601,1000602,1000603,1000604,1000605,1150179,1000607,1000608,1000610,1000611,1000613,1000614,1000615,1000616,1150120,1000618,1000617,1000619,1000621,1000622,1000623,1000624,1000625,1150121,1096883,1000630,1000631,1000632,1000633,1000634,1000635,1000636,1000637,1156284,1156285,1156286,1000643,1000644,1000649,1000650,1000652,1000653,1000655,1000656,1000657,1000658,1000659,1000660,1000661,1000662,1000663,1000664,1000665,1000666,1000667,1000668,1000669,1000670,1000671,1094880,1094878,1094881,1094883,1000675,1000676,1150180,1000674,1000672,1000681,1000679,1000683,1000684,1000680,1000685,1000687,1156336,1000689,1000686,1000690,1000692,1000691,1000693,1000698,1000699,1000700,1000701,1000703,1000704,1000705,1000706,1000707,1000708,1000710,1000711,1000712,1000713,1000714,1000715,1000717,1154319,1154320,1154321,1154322,1000721,1000722,1000724,1142038,1000728,1000723,1152282,1137947,1137948,1158429,1137949,1150235,1000732,1000737,1000733,1000739,1000734,1000735,1000742,1000743,1137954,1000745,1000738,1000741,1000744,1000749,1000746,1000751,1000752,1000748,1000754,1000755,1000756,1000750,1000753,1000759,1000758,1000761,1000762,1000763,1000764,1000765,1000760,1000766,1000768,1000769,1000770,1000772,1000773,1000775,1000777,1000778,1000779,1000780,1000781,1000782,1000783,1000784,1000785,1000786,1148243,1000787,1000789,1000790,1000791,1000792,1000793,1000794,1000795,1000788,1000797,1000798,1000796,1000799,1000801,1000802,1000800,1000804,1000805,1000806,1000807,1000808,1000809,1000810,1000811,1000812,1000813,1000814,1000815,1150311,1150312,1156471,1148284,1000829,1000830,1000831,1000832,1000833,1000834,1000835,1000836,1000837,1000838,1000839,1000840,1141666,1000841,1000843,1000844,1000845,1000846,1000847,1000848,1000849,1000850,1000851,1000852,1000853,1000854,1000855,1000856,1000857,1000858,1000859,1000860,1000861,1000862,1000863,1000864,1000866,1000867,1000868,1000869,1000870,1000871,1000872,1000873,1000874,1000875,1000876,1000877,1000878,1000879,1000880,1000881,1000882,1000883,1000884,1000885,1000886,1000887,1000888,1000889,1000890,1000891,1000892,1000893,1000894,1000895,1000896,1000897,1000898,1000899,1000900,1000901,1000902,1000903,1000904,1000905,1000906,1000907,1000908,1000909,1000910,1000911,1000912,1000913,1000914,1000915,1000917,1000842,1138154,1152526,1158685,1050165,1000803,1152605,1000461,1148524,1148525,1000465,1156731,1156733,1156732,1093261,1136313,1136314,1154747,1136316,1136315,1136317,1136318,1095363,1148242,1092883,1148626,1092885,1092886,1092887,1092888,1156853,1156854,1156855,1156856,1156857,1156858,1156859,1152767,1158430,1148691,1148692,1148693,1154874,1161021,1000506,1000508,1152890,1152891,1150866,1157060,1155055,1159163}'::text[]))) END AND (brand_code = 'B'::text) AND (class_longcode = ANY ('{大类#包帽区,大类#包帽区&中类#包帽区-帽子,大类#包帽区&中类#包帽区-帽子&小类#包帽区-帽子-刺绣条纹渔夫帽,大类#包帽区&中类#包帽区-帽子&小类#包帽区-帽子-刺绣熊猫棒球帽,大类#包帽区&中类#包帽区-帽子&小类#包帽区-帽子-刺绣字母画家帽,大类#包帽区&中类#包帽区-帽子&小类#包帽区-帽子-刺绣字母渔夫帽,大类#包帽区&中类#包帽区-帽子&小类#包帽区-帽子-复古美式大英文棒球帽,大类#包帽区&中类#包帽区-帽子&小类#包帽区-帽子-复古休闲字母刺绣瓜无檐帽,大类#包帽区&中类#包帽区-帽子&小类#包帽区-帽子-格纹画家帽,大类#包帽区&中类#包帽区-帽子&小类#包帽区-帽子-韩系简约棒球帽,大类#包帽区&中类#包帽区-帽子&小类#包帽区-帽子-户外感可折叠渔夫帽,大类#包帽区&中类#包帽区-帽子&小类#包帽区-帽子-简约刺绣棒球帽,大类#包帽区&中类#包帽区-帽子&小类#包帽区-帽子-简约韩系棒球帽,大类#包帽区&中类#包帽区-帽子&小类#包帽区-帽子-简约拼色棒球帽,大类#包帽区&中类#包帽区-帽子&小类#包帽区-帽子-简约休闲画家帽,大类#包帽区&中类#包帽区-帽子&小类#包帽区-帽子-简约休闲前进帽,大类#包帽区&中类#包帽区-帽子&小类#包帽区-帽子-简约休闲渔夫帽,大类#包帽区&中类#包帽区-帽子&小类#包帽区-帽子-美式刺绣棒球帽,大类#包帽区&中类#包帽区-帽子&小类#包帽区-帽子-美式复古棒球帽,大类#包帽区&中类#包帽区-帽子&小类#包帽区-帽子-美式复古字母刺绣棒球帽,大类#包帽区&中类#包帽区-帽子&小类#包帽区-帽子-美式英文字母渔夫帽（含帽绳）,大类#包帽区&中类#包帽区-帽子&小类#包帽区-帽子-美式撞色字母刺绣棒球帽,大类#包帽区&中类#包帽区-帽子&小类#包帽区-帽子-轻潮字母刺绣棒球帽,大类#包帽区&中类#包帽区-帽子&小类#包帽区-帽子-趣味印花logo画家帽,大类#包帽区&中类#包帽区-帽子&小类#包帽区-帽子-趣味印花渔夫帽,大类#包帽区&中类#包帽区-帽子&小类#包帽区-帽子-日系文艺简约渔夫帽,大类#包帽区&中类#包帽区-帽子&小类#包帽区-帽子-双面吃豆人渔夫帽,大类#包帽区&中类#包帽区-帽子&小类#包帽区-帽子-双面猫咪渔夫帽,大类#包帽区&中类#包帽区-帽子&小类#包帽区-帽子-文艺八角帽,大类#包帽区&中类#包帽区-帽子&小类#包帽区-帽子-抓皱画家帽,大类#包帽区&中类#包帽区-帽子&小类#包帽区-帽子-字母刺绣棒球帽,大类#包帽区&中类#包帽区-帽子&小类#包帽区-帽子-字母贴布棒球帽,大类#包帽区&中类#包帽区-帽子&小类#包帽区-帽子-字母绣花棒球帽,大类#包帽区&中类#包帽区-帽子&小类#包帽区-帽子-字母渔夫帽,大类#包帽区&中类#包帽区-帽子&小类#包帽区-帽子-褶皱宽沿渔夫帽,大类#包帽区&中类#包帽区-箱包,大类#包帽区&中类#包帽区-箱包&小类#包帽区-箱包-彩色毛线包包,大类#包帽区&中类#包帽区-箱包&小类#包帽区-箱包-简约条纹包包,大类#包帽区&中类#包帽区-箱包&小类#包帽区-箱包-简约通勤双肩包,大类#包帽区&中类#包帽区-箱包&小类#包帽区-箱包-简约托特两用包,大类#包帽区&中类#包帽区-箱包&小类#包帽区-箱包-可爱熊爪羊羔毛斜挎包,大类#包帽区&中类#包帽区-箱包&小类#包帽区-箱包-可爱羊羔毛小熊斜挎包,大类#包帽区&中类#包帽区-箱包&小类#包帽区-箱包-坑条潮流大号包,大类#包帽区&中类#包帽区-箱包&小类#包帽区-箱包-坑条潮流小号包,大类#包帽区&中类#包帽区-箱包&小类#包帽区-箱包-坑条潮流中号包,大类#包帽区&中类#包帽区-箱包&小类#包帽区-箱包-泡泡棉包包,大类#包帽区&中类#包帽区-箱包&小类#包帽区-箱包-亚麻手提袋}'::text[])) AND (step_id = 1866))
Optimizer: GPORCA